Akurasi: 0.8301435406698564
Presisi:0.6375838926174496
Recall: 0.5191256830601093
F1-score: 0.572289156626506